199 131199199119111111

1111111199111111111,1191119111 991919 1911191119, =
999919191181111691111111. (111991111911999π,
1911111 ’1911991999 99119 ,9 1119919111, 111, ἐ,
1111191111 919111911111111111 911111 111 191111
cum-:p 119911911111999 119 19119111 1191111-
9111191111 onec 19919119119,111 ,11911 ,
11111,11199’111,1911 91991991119111999 11911
9911111111119811911111,1111,,,111911,111 ,
9199119999 191191, 919 ’1111ἢ 11191911-
(1199999191119111 ,, ,,
91919191991111 111919 9,111119111111,191,1111 ⁴
19111,111ο(1111119,,11,1111119111111 999119911191111
99991111,199911199191991191199919199
99911999191199191111,11991911,,111111,111119

11911111199191111991111 11119111999911 111
99911119111991191111119,11,9(1,991111 11111,-
119991991199111111111 131119999191111911
11111119111ὓ11111119111131 91119, ·Μ111,919111,·
191111911111991, 119191919119119931119111
11919111 199111199111111111 11199111111111111111111-
1111111111 991111111111991191911199 1191111111111111
19119911οά111 9198111999 (9999919199
991199111111111111199111991111111111 gummi
1119119 11119 3: attisexpsimmdi& 19911911
111191911911119991911199111 ”
1119111991191919110111111111, A -·
911199191191111919111919911191911911119
9191919919 91911191991919119

 

